26636.0,0.0
25563.269545667717,1.5219380855560303
24427.892169907624,2.952316999435425
23262.136978459646,4.499892473220825
22137.60101487511,6.001432180404663
21071.31276888807,7.722446441650391
20104.233448941595,9.700586080551147
19148.348601746715,11.554569959640503
18157.061861841583,13.13681936264038
17078.007119093843,14.117368459701538
16283.555851030129,15.54201364517212
15422.862936149199,17.151325225830078
14528.944531411305,18.715941905975342
13676.601709931612,20.377726078033447
12936.961101377226,21.87928009033203
12047.812383706154,23.147696256637573
11201.079379086052,24.791006088256836
10281.543248305608,26.36141848564148
9651.478001735219,27.848175525665283
9084.964958646353,29.18827986717224
8658.649625048833,30.658584117889404
8198.830420704067,31.98782181739807
7763.0,33.67700004577637
44904.0,0.0
43642.7522508103,1.1366143226623535
42382.80129942933,2.28963041305542
41128.54001756784,3.532797336578369
39866.40662550205,4.596192359924316
38612.92109628036,5.523893117904663
37370.75143649115,6.442453384399414
36117.57403263298,7.326807498931885
34858.781814068236,8.167382717132568
33597.061220567244,9.096186399459839
32358.476321451435,10.072356224060059
31168.69972461159,10.924203157424927
30014.532519565335,11.798707962036133
28861.026859132817,12.781335353851318
27644.22782132881,13.786856889724731
26431.318193742463,14.696436882019043
25291.38781362217,15.650380849838257
24147.074037289985,16.798933506011963
22996.539010789747,17.729610204696655
21844.36084051342,18.721738815307617
20743.13675975447,19.814258813858032
19744.76447883681,21.030649662017822
18669.0,22.503000020980835
41647.0,0.0
39564.32206492766,1.6451303958892822
37495.61655455273,2.9159531593322754
35409.80631430588,4.28143835067749
33325.7958918566,5.797841310501099
31327.53204708542,7.153167247772217
29331.509335820738,8.505897283554077
27340.53738506026,10.26283049583435
25512.034804868148,11.553004026412964
23605.882358562332,13.022321701049805
21737.87594755203,14.50305724143982
19987.17930616456,16.377074718475342
18299.18789825899,17.814577341079712
16693.7490131203,19.149232387542725
15261.000136894854,20.627782106399536
13778.103432323735,22.164968252182007
12313.98564029361,23.70363998413086
10859.170753053373,25.110944509506226
9524.427556090046,26.738829851150513
8402.258709715954,28.10596537590027
7766.6368735555525,29.56948947906494
7072.122784292084,31.023179292678833
6204.0,32.55799984931946
42410.0,0.0
42142.82703230666,0.21680259704589844
41875.654064613314,0.4336051940917969
41608.481096919975,0.6504077911376953
41341.30812922663,0.8672103881835938
41074.1278906875,1.0752747058868408
40806.92402219979,1.2549400329589844
40539.72015371208,1.434605598449707
40272.51628522436,1.6142709255218506
40005.31241673665,1.7939364910125732
39738.108548248936,1.9736018180847168
39472.27414455199,2.1412370204925537
39207.47617710896,2.29976749420166
38942.67820966592,2.4582977294921875
38677.88024222289,2.616828203201294
38413.08227477985,2.7753584384918213
38148.28430733681,2.9338889122009277
37882.928546847805,3.101003408432007
37615.942837478244,3.2932026386260986
37348.95712810868,3.4854021072387695
37081.97141873912,3.6776013374328613
36814.98570936956,3.869800567626953
36548.0,4.061999797821045
33825.0,0.0
31904.43645990689,1.440619945526123
30063.008406526103,2.5485880374908447
28195.712774528667,3.867342233657837
26384.7642686936,5.046855211257935
24542.043585917694,6.322876691818237
22683.752636471574,7.532395601272583
20962.468812034793,8.7557852268219
19372.76634194756,10.202820539474487
17530.08958691478,11.182806730270386
16008.220473522237,12.437209367752075
14482.36624575532,13.61297082901001
13042.647819000887,14.9406099319458
11469.409461383395,16.080332040786743
9849.483317593265,17.27740216255188
8359.736093274323,18.559895753860474
6846.660898719597,19.819804191589355
5351.749593858558,21.007580280303955
3835.971294631793,22.29260802268982
1990.9702292344336,23.58172631263733
63.20629978983385,24.773455381393433
-1877.1708224018407,26.04145050048828
-3761.0,27.51699995994568
