-22342.0,0.0
-22466.806062470016,157.37076330184937
-21832.067627803135,159.1490659713745
-21118.259760884517,160.41715049743652
-20317.60794605515,161.11744785308838
-19565.223947272003,161.7748007774353
-18800.445910254577,162.43416261672974
-18023.00528325485,163.09557723999023
-17262.217357122423,163.81621956825256
-16484.37105222193,164.44810342788696
-15692.946138488189,165.01000952720642
-14945.015747261277,165.61625123023987
-14207.620959619107,166.2375762462616
-13438.11833926274,166.8661756515503
-12677.287726387405,167.4981071949005
-11926.994761860587,168.13408780097961
-11185.44101033125,168.75973463058472
-10453.736347641652,169.38701343536377
-9754.79317798603,170.02660655975342
-9031.295282879675,170.71194338798523
-8302.342184667414,171.4338207244873
-7610.978791551173,172.19081497192383
-7089.0,175.34500002861023
-14486.0,0.0
-13990.67222799944,1.3193409442901611
-13384.207085937487,2.6833786964416504
-12842.258823704984,4.003919839859009
-12272.396198056746,5.301631689071655
-11726.682432581492,6.613036394119263
-11082.770676929655,7.885686159133911
-10483.777605175048,9.269070386886597
-9785.315562445327,10.821913242340088
-9020.94932096784,12.18412709236145
-8396.971239503211,13.65211296081543
-7795.690876651423,15.111325979232788
-7139.384840006799,16.914157390594482
-7728.240990584667,33.01073670387268
-8898.213606870891,34.32950830459595
-9842.025383660777,35.62685775756836
-10315.967446996365,36.811907052993774
-10887.611637183916,38.300457239151
-11338.520668016674,39.830350399017334
-11549.472215027932,41.20603132247925
-11781.006646098136,42.430299282073975
-11670.386488069686,43.633227586746216
-12198.0,44.83800005912781
-14184.0,0.0
-14977.639073131024,0.5614221096038818
-15769.730660567398,1.1292076110839844
-16555.460410062424,1.723154067993164
-17409.7435875178,2.3170738220214844
-18339.80851413055,2.910964012145996
-19238.713380861598,3.5291519165039062
-20124.963254697697,4.16769814491272
-20998.210894333053,4.944766283035278
-21829.804263380593,5.625885009765625
-22672.01819449119,6.285754442214966
-23602.398635843143,6.976339101791382
-24646.89981205984,7.625771999359131
-25700.597190687924,8.26908540725708
-26478.39359471421,8.99035382270813
-27195.59986328631,9.697576999664307
-27903.72987031458,10.407938480377197
-28650.41518965122,11.140929698944092
-29440.79249515463,13.421444177627563
-30028.209329736394,14.243499755859375
-30976.08038166689,14.881030082702637
-31983.528299131394,15.553770065307617
-33084.0,16.296000003814697
